00000000
00000011
00000011
00000110
00001001
00001110
00001110
00010100
00010100
00010100
00011001
00011010
00100101
00101001
00101100
00110011
00110101
00110110
00110110
00110111
00111010
00111100
00111101
00111101
01000111
01000111
01001111
01001111
01010000
01010010
01010010
01010100
01010101
01010110
01010111
01010111
01011111
01100000
01100010
01100011
01100100
01100100
01100110
01101101
01101111
01101111
01110001
01110010
01110100
01110110
01111001
01111010
01111110
01111110
01111111
10000001
10000010
10000111
10001000
10001011
10001111
10010000
10010011
10011010
10011011
10011110
10011111
10101100
10110100
10110101
10110110
10110111
10111000
10111001
10111001
10111010
10111100
10111110
11000010
11000101
11000111
11000111
11001100
11001110
11001110
11010001
11010111
11011100
11011101
11100000
11100011
11100100
11101101
11110110
11110111
11111000
11111010
11111011
11111011
11111101
